0 0 500 500
500
0 346
0 454
3 284
4 318
5 129
5 142
6 126
6 134
6 150
7 406
9 480
10 59
12 91
12 116
15 157
16 397
17 453
18 393
19 289
20 172
21 165
21 276
22 30
22 452
23 423
27 138
29 161
29 226
29 313
30 83
30 244
30 450
32 183
32 403
35 136
37 371
38 21
40 477
42 248
43 226
44 78
44 406
46 461
46 477
49 160
50 439
54 483
56 252
57 255
58 327
59 94
59 133
59 305
60 317
61 3
61 254
62 41
63 476
64 108
64 351
66 32
68 381
68 403
69 264
71 203
72 385
74 52
75 11
77 162
78 86
79 78
80 86
80 421
80 441
86 174
87 86
87 345
87 360
89 29
91 95
91 321
92 122
93 423
96 311
96 447
97 194
97 341
97 360
99 418
100 223
101 3
101 92
102 479
103 83
103 257
105 487
106 328
108 429
110 187
112 13
113 52
113 173
115 51
119 338
120 329
121 72
124 413
124 485
125 273
125 318
126 194
126 476
129 72
129 309
131 253
132 386
132 417
132 423
133 90
133 363
134 92
134 175
134 305
135 372
136 132
136 263
138 180
138 199
139 98
140 342
140 475
142 83
142 378
144 385
146 362
147 237
147 385
148 334
149 204
149 218
150 307
150 460
153 192
154 254
156 30
158 216
160 43
161 306
162 39
162 221
162 356
165 29
165 248
168 281
168 465
169 199
170 308
171 246
173 73
173 380
175 116
179 346
179 489
180 179
180 292
180 374
180 386
180 424
180 483
181 20
181 41
182 236
183 110
184 366
184 415
187 128
188 408
189 42
189 268
189 464
190 68
192 21
192 225
193 277
194 271
194 425
195 17
195 289
195 333
197 235
199 238
200 219
202 156
202 259
203 241
204 362
205 142
208 13
208 28
208 321
208 383
211 11
212 243
213 440
215 465
219 313
219 429
222 61
224 344
224 464
227 280
228 6
228 401
228 414
228 474
229 411
231 438
232 143
235 260
239 59
243 81
243 246
243 375
245 307
246 100
246 120
248 399
249 390
251 112
253 303
255 235
257 198
257 451
259 184
260 268
260 479
261 150
264 254
264 274
265 48
266 200
266 213
266 350
267 52
267 400
268 367
269 152
269 314
269 366
271 124
271 140
271 475
272 163
272 310
273 481
274 261
275 82
275 100
278 170
278 346
280 279
280 454
281 146
282 260
283 100
283 362
284 186
284 279
284 466
286 366
288 324
288 490
289 394
290 157
290 173
291 378
293 412
294 478
295 78
295 287
296 488
297 487
299 36
299 262
299 344
300 61
300 105
300 313
302 353
302 380
303 290
303 349
303 351
304 93
304 196
304 346
305 284
306 165
307 423
309 455
310 385
311 491
313 325
314 49
314 256
314 355
314 455
315 329
315 421
316 265
316 317
317 180
318 452
321 205
322 249
324 274
326 280
326 334
328 14
330 37
330 381
332 324
333 227
334 320
335 408
335 412
336 341
337 127
339 168
339 411
339 426
340 447
341 215
341 260
342 158
343 175
344 124
345 31
345 109
346 441
347 34
347 289
348 54
348 124
348 369
350 111
350 343
351 84
352 63
354 481
356 269
359 484
360 180
360 215
360 341
360 351
362 311
362 373
363 421
365 440
365 450
366 414
368 165
369 319
370 126
370 174
371 339
371 445
373 0
374 36
374 332
374 459
379 494
380 82
381 461
383 274
384 188
384 398
384 473
385 230
386 36
386 140
386 262
387 77
389 58
390 472
391 29
391 472
392 289
393 219
394 103
395 147
395 396
395 419
396 190
398 61
401 88
401 443
402 129
402 275
403 410
403 419
404 439
407 345
407 361
409 44
410 271
410 479
414 145
415 403
416 144
417 317
418 17
418 35
418 154
419 169
420 91
423 157
423 436
423 462
424 332
425 77
425 183
426 473
428 159
429 191
429 305
433 359
434 288
435 307
437 74
438 138
438 218
441 34
442 200
443 473
444 25
444 329
444 381
444 405
445 279
445 295
445 382
445 493
446 391
449 11
450 24
450 272
450 281
450 499
452 31
456 305
457 165
457 380
460 4
460 62
462 284
462 298
463 262
463 477
464 402
466 489
467 12
467 350
468 100
471 274
471 434
472 23
472 56
472 437
473 14
473 61
473 209
475 17
476 228
478 105
479 401
480 301
482 427
483 50
483 174
483 261
488 500
489 234
489 357
490 57
491 50
491 258
491 427
493 193
494 295
495 250
495 313
496 85
497 37
497 81
498 284
498 331
498 388
500 439