0 0 1000 1000
1000
0 36
1 521
2 538
3 44
3 591
4 287
5 71
7 203
7 607
11 648
11 771
14 536
15 33
16 233
17 43
17 638
18 70
18 828
19 292
19 311
19 575
20 180
21 863
22 147
22 452
24 403
24 494
26 380
26 902
27 150
27 827
28 130
28 181
28 339
29 741
30 371
30 383
31 154
32 942
35 96
35 334
36 130
36 275
36 901
37 457
37 730
38 374
39 221
39 900
40 625
41 446
41 455
42 730
42 786
45 172
45 393
46 408
46 640
46 727
48 374
48 406
48 730
49 830
51 69
51 284
51 791
51 820
51 878
52 857
54 172
54 770
55 458
59 561
62 670
66 13
66 362
66 531
66 689
67 208
69 388
70 352
70 586
70 715
71 920
72 196
73 525
75 33
76 821
78 476
78 577
78 925
80 94
81 507
81 566
82 149
83 650
86 346
88 872
89 234
89 253
89 622
90 68
90 898
91 637
91 824
92 518
92 520
93 651
95 207
96 169
97 389
97 697
99 404
99 618
99 941
100 166
103 119
103 255
104 427
104 641
105 153
105 820
106 380
106 475
107 133
107 606
108 413
109 402
113 255
113 260
114 587
114 869
115 607
118 339
120 180
120 421
121 56
122 357
122 992
123 746
123 822
124 350
124 597
124 876
124 988
125 687
126 536
126 826
130 136
131 308
136 57
136 641
136 823
137 139
140 500
140 705
140 840
142 849
142 901
144 320
145 822
146 335
146 916
147 39
147 986
149 465
150 224
151 622
151 725
153 350
154 293
154 995
155 47
156 663
157 304
158 497
158 618
159 198
159 486
160 264
161 657
162 299
162 735
164 43
165 194
168 554
169 377
171 651
173 22
174 716
175 144
175 752
176 479
176 633
176 690
177 95
177 413
178 603
180 512
181 10
182 59
182 160
182 354
183 77
183 648
184 525
184 887
185 400
185 636
185 800
185 936
186 130
187 519
188 501
188 744
189 65
189 391
190 717
190 977
192 858
193 214
193 849
195 857
197 19
197 427
200 707
205 107
206 406
206 905
207 920
208 430
208 996
209 192
209 265
209 356
209 392
210 725
211 173
211 763
214 196
214 590
216 728
216 862
216 969
219 86
219 972
220 380
221 309
224 9
224 746
225 779
225 819
226 648
228 341
228 428
228 779
229 346
230 218
230 256
231 290
231 459
231 896
233 638
234 377
234 931
235 978
236 26
239 530
241 196
241 294
241 807
242 588
243 161
243 197
246 62
247 480
247 663
248 227
248 537
249 312
249 820
249 965
251 328
251 709
251 746
252 185
252 974
253 89
254 765
255 57
256 260
260 533
260 589
262 913
263 205
264 71
264 798
265 477
267 209
267 992
270 855
272 200
272 563
274 902
275 862
275 967
276 877
277 124
277 752
279 932
282 360
283 289
283 422
283 849
284 224
287 103
287 550
290 38
290 947
296 419
296 465
296 650
297 264
301 491
301 558
303 508
304 394
306 49
306 298
306 377
307 594
309 432
309 765
310 584
311 635
312 97
312 540
312 577
313 392
313 753
315 864
316 803
317 24
317 191
317 277
318 226
318 927
319 224
320 579
320 755
320 797
321 301
322 478
323 165
323 335
324 361
324 503
325 456
325 475
326 116
326 850
327 190
327 227
327 432
327 774
329 606
333 650
335 705
336 860
337 410
337 733
338 679
338 752
339 108
342 854
342 858
345 352
346 963
350 668
351 876
354 252
354 656
355 646
355 735
356 685
356 702
359 901
360 439
360 743
362 942
363 218
364 300
364 590
365 56
367 499
367 860
370 29
370 915
371 394
372 812
373 307
373 313
374 480
374 875
375 201
375 489
375 726
376 70
379 775
379 783
380 298
380 711
380 1000
382 636
384 110
384 647
384 990
385 64
386 916
386 927
387 583
388 264
388 304
389 565
389 718
390 24
391 114
391 559
391 784
392 738
394 33
394 53
394 408
395 60
395 289
398 124
398 181
398 659
399 106
400 241
405 923
407 914
411 222
411 406
412 155
414 337
416 377
417 512
417 618
418 692
418 793
419 413
421 334
421 510
421 759
422 457
422 605
423 603
424 78
424 270
424 480
424 561
425 794
426 360
426 688
427 116
431 114
431 152
431 663
431 751
432 462
433 286
434 651
438 166
438 312
442 891
443 780
443 867
445 294
445 636
448 28
449 748
450 262
451 762
453 363
454 305
454 675
456 572
456 846
458 601
459 780
462 805
463 588
464 219
464 467
464 886
466 673
467 624
468 126
468 279
470 176
470 986
471 315
472 4
472 872
481 505
481 591
484 283
486 261
487 547
489 446
491 525
492 989
494 133
494 577
494 624
495 799
495 884
496 54
496 601
497 283
497 885
498 737
499 122
500 804
501 799
502 176
503 746
505 95
505 203
505 949
507 142
507 780
508 187
509 269
509 470
509 565
511 160
512 460
512 879
513 275
515 588
516 623
517 633
517 997
519 451
522 745
523 495
523 570
524 109
525 248
525 786
527 299
527 832
527 898
528 244
529 710
529 959
529 999
530 165
533 291
533 861
533 871
535 41
536 155
536 524
537 217
537 884
537 919
538 632
540 35
541 3
542 288
543 322
543 817
544 346
545 373
545 787
545 975
546 96
548 868
551 251
554 811
556 847
557 151
559 678
561 416
562 762
562 900
565 218
565 766
566 107
567 846
568 147
569 80
569 874
569 993
570 341
572 5
572 609
572 740
573 363
573 499
573 646
574 705
575 275
577 386
578 87
579 651
580 218
585 459
589 398
591 238
592 151
592 411
592 768
594 135
595 215
597 497
597 646
599 250
599 565
599 669
600 305
601 659
602 859
604 145
606 182
608 824
609 209
610 118
610 411
611 171
611 247
612 568
613 28
617 696
617 1000
619 535
622 208
623 766
625 594
625 812
626 843
626 951
629 780
632 478
634 172
634 734
635 733
635 786
636 528
637 577
637 711
638 30
638 211
642 9
644 532
644 905
645 281
645 365
645 526
646 733
649 626
651 99
652 889
653 369
654 187
654 417
654 647
657 149
657 167
657 876
658 636
659 259
659 262
659 648
660 441
660 574
661 153
661 318
662 217
662 507
662 924
664 958
666 413
667 743
668 864
670 351
671 749
672 601
672 692
673 187
673 707
677 25
678 14
678 152
679 978
680 364
682 757
684 572
684 838
685 667
686 604
686 667
686 960
687 274
687 425
688 501
690 553
691 267
691 278
691 881
692 79
695 246
696 215
696 540
697 368
700 288
700 898
702 444
703 971
704 776
707 512
707 530
709 238
710 138
710 828
711 997
712 470
715 787
717 346
717 688
722 889
724 577
724 582
724 722
725 217
725 553
728 134
729 969
730 159
730 496
731 626
732 472
735 630
735 785
737 215
741 295
743 270
744 331
744 473
744 701
744 970
745 76
746 663
747 501
748 272
749 812
751 463
752 222
752 364
756 21
759 494
760 529
760 735
760 835
761 404
763 216
763 813
765 308
765 992
766 305
767 840
769 371
769 616
769 779
770 467
775 449
775 547
776 202
776 555
777 226
778 684
780 51
780 679
781 541
782 400
783 236
783 381
784 58
784 108
784 315
784 848
786 300
786 485
787 339
787 823
788 394
788 556
788 712
789 211
789 691
791 745
794 601
796 204
796 287
796 688
797 30
799 249
800 302
801 106
802 17
805 390
806 365
806 509
807 541
809 639
810 342
812 254
816 114
817 933
819 449
822 392
823 482
823 787
824 225
825 281
825 653
825 744
826 466
826 471
828 418
829 138
829 289
829 479
830 795
831 232
831 474
832 389
832 637
832 699
834 784
835 763
835 944
836 585
837 426
837 786
838 890
838 977
840 85
840 184
841 22
842 11
842 516
843 78
844 537
846 15
847 426
850 71
850 431
851 209
851 777
853 235
853 255
854 392
856 782
858 124
858 515
859 949
860 6
860 484
865 252
865 976
867 683
868 536
869 456
869 854
870 463
870 901
872 900
873 931
874 397
877 280
877 994
878 549
879 969
880 305
881 274
882 282
882 354
882 842
885 562
886 365
886 486
887 152
887 969
889 125
891 846
894 167
896 267
897 802
899 542
900 760
901 217
901 674
901 739
902 363
903 630
906 99
906 691
906 730
907 84
908 510
909 378
909 635
911 810
913 681
914 811
916 814
918 785
918 971
921 412
923 341
923 502
925 798
927 643
928 395
928 896
930 317
930 751
932 107
932 569
933 206
933 349
935 86
937 586
938 328
943 161
943 515
944 574
945 415
946 958
947 551
948 469
950 34
950 788
951 888
952 548
952 876
953 402
954 812
956 308
956 895
958 625
958 887
958 917
958 942
960 557
960 683
961 323
961 796
965 780
965 825
968 84
968 99
968 697
968 887
969 103
970 325
974 613
976 403
976 908
978 87
979 395
980 249
980 382
980 951
981 653
983 95
983 310
984 51
985 228
985 230
985 715
986 461
987 252
988 719
989 378
989 961
992 243
993 981
994 67
994 376
994 767
995 219
996 341
996 721
997 777
998 666