0 0 200 200
200
0 56
0 195
1 186
4 188
5 63
5 158
7 77
7 143
8 62
8 109
9 18
9 185
12 191
14 76
19 30
19 100
20 54
21 191
23 41
23 48
24 90
26 91
27 30
29 53
32 37
35 113
38 189
39 48
41 50
41 72
42 24
42 121
44 64
44 65
44 114
47 192
50 17
50 73
50 162
51 26
52 162
53 172
54 92
54 169
56 44
56 60
56 167
57 146
58 2
58 183
60 186
61 188
62 84
62 184
63 21
65 29
65 193
66 39
66 97
67 129
68 135
69 55
69 194
70 95
71 13
71 47
71 168
72 92
74 194
75 128
76 24
76 127
76 186
78 32
78 154
79 28
79 35
79 65
80 31
80 106
80 107
81 106
82 121
83 151
84 74
84 115
84 137
87 15
88 118
88 143
88 173
90 35
90 49
90 192
91 82
91 145
92 29
95 13
95 102
95 189
98 198
99 126
99 156
104 127
105 7
105 53
105 104
105 116
106 125
107 19
108 1
108 62
109 196
110 47
110 121
110 178
111 95
112 104
112 166
113 10
113 102
121 30
122 77
122 116
122 185
123 72
123 196
124 33
124 131
125 188
127 160
128 46
129 155
130 18
131 148
132 93
133 47
134 85
135 41
136 33
137 200
138 157
140 130
143 100
145 93
146 5
147 97
147 184
149 85
150 54
152 13
152 25
153 90
153 153
154 130
154 132
155 4
155 83
155 97
159 127
159 175
160 79
160 141
161 129
163 58
163 128
167 117
168 5
168 193
169 144
170 28
172 97
172 107
173 26
173 196
176 69
177 80
178 7
178 141
178 153
179 113
180 20
180 57
180 154
181 106
182 10
182 104
184 161
186 6
186 31
187 28
187 98
189 195
191 113
193 152
194 113
195 145
196 158
198 27
198 90