0 0 100 100
100
0 1
0 57
1 5
2 63
4 16
7 21
8 30
11 40
15 58
17 13
17 81
18 81
19 44
20 10
20 24
20 51
21 77
21 78
22 60
22 69
24 47
25 58
26 5
27 90
30 7
30 100
31 30
32 5
32 32
32 46
33 76
37 8
37 24
37 86
38 36
38 65
38 69
39 50
40 4
40 37
42 67
43 71
43 89
44 24
44 37
44 39
44 94
46 25
46 31
46 95
47 57
49 57
51 18
51 91
52 56
54 12
54 76
56 67
57 70
60 56
64 72
64 75
65 0
65 14
65 19
65 43
66 63
67 62
70 21
70 97
73 64
75 29
75 62
76 54
77 72
77 92
78 53
78 98
80 30
81 38
81 78
82 31
86 93
87 87
88 89
89 34
89 69
91 2
91 64
92 84
93 89
94 30
94 57
95 8
95 100
97 16
97 39
97 61
100 7
100 68